$ANSIBLE_VAULT;1.1;AES256
62623235653139366338643862353233343835353239386634626666366365663962333761613036
6439323732323733316263323264653063393361626364350a333836613665373335323335646561
61313938323361306437303535346463383662646138353566316334613165343362633164626230
6137373535396132640a646336633538356533373932613862613531356266636239316331643938
61343734323366616537363131396364393634663731376365383865393065636562333630386366
65303436363765323336626365393934396364363464363961373637646634643963306235346663
66323030626331633536396630616465356133646136653536303032303639373536396533613363
32376637393534366561343933643261633961383832623266643932643539323666393432326631
61616632313931366231653861323034386365653737653366616437396439393865376263303036
38623037613238643362633534633361623830623165343436636336613630383433623436313335
61636238333966613139343562653534646638326236646133623865663839363139633763616362
38363731353436653634306633303333363165393034353137643764633163656236366335386433
64656334353761396132393438333737633630653536636430643463316338386163336661333230
34303133663061306131353266623961343535666539663661333464353633366438356532643364
31626534373966333264643139626433333130623439393661656130363134343232363463303034
32343536393235353864303162343463343466316661326631353734313230326463666132313231
33356261386331353436393134666633376466346331363030326362343832316432663732326536
30336339353232616636666361393830383263333966343063643163666237313130623030616164
38613733356433636266336233336432373564613065303865366133356638626662303134626565
65373564656339663030366561656238343437376234303437333066366239626133653433393962
66326366363035613166623763323435663239316165306631616361656535666337383135303031
64623233396666383964613436623434653430356662363564303564363762363865366433636262
37386534626431316136393837353666326563653464373462356263313066613265613962386163
61366135633861643264616632366131353030376636613763386439343162333335343361633833
33336636303538313762396266646332353939313533373333363236663138333539313336636165
62666363396633373863383063323965373335643335356438386262626634653164393161323266
61636666616265313732393734643430393462623162653630666161373561383166343332313136
62343939633633333333623835303039303434346462623961343962303761316634323433623863
65366463383339393831333535363366613965336265303864383363666362666365613265303261
39333766666231346538376466343665656563333832303765623138373838326236653363623463
66396266633334356663393332323234313462306334383631333233623734353865643863623032
65353530313037306432643231633233663634646132633437656439623265383361333635393265
36303931363039333265346136393430623263386432363431636262396366356365663538336632
36646234306434633133373938326638316461343538313239363233636366653434316131336362
31303530386364666435333739373731336539313435663339653061666263333463383562613565
61393530363761643139643764343561343863643661356261343638623034356430643835626538
36323161366334643836366537346233316436346536303063633363336131363934653463333364
33373566363466393166626437343864306537643230323234313666383238363432646366303165
33636231373662303363666138643661303833626263303663366538653165636164396137376363
33373961323364663439636163356263356362623637656336393562306665633839623332313931
62346432393333393363336238613134353765373539663463613134393263336562663064666362
37306232633830633338646163386561393338303739356432653539613636333335316566396234
37323466373733633363323364653430343162333832626662316331646332353834323362666539
62373738386138656362346262316536653238323364386161666531656637303863336135393263
61633831323666626230323262643231323063333765633238666535656636333364323465363963
65613464626563333361616237366463616434326362383734323733643431616233623235393665
30636532633266313531353434363336396332323964666638373634363031356135343830616161
37333538633964656161393233653362663261303134613030363836313037313630303861303137
37663134366530373832373235306132383536613732343561653261316337323336666630386439
65303066376635666165346332656332666662383835623539393537643331633835653739666432
36663966326662663331303033396633653265366162343935336162313462616231666661363634
36646666313932623737623435393837636438326438336138646163313231313664383431376133
33343964663238633532373031616166313464353939613432333039623065396161636363396136
39663932646462323439393065626238656433646436303636623736653637633663373736396639
66376131316265626266656531633638303366656561333732623166613136383538346436333630
65636536633031646163613462643863646362363164636365343062623136616533323938356239
65333063626633333935326430353363333361393134633566363033313365343339666361383437
63373138613232383036656238393565616562333838633964633165636164303733393736636363
35373331373565663336366638303065373232636162323133316438353735636135643038326333
30353634336234323862343830643962386564303263386335643830386232303763633931373362
31636339313466653637323464333562323762353039373161383265313564313039326233393139
38653861386430616233373632623133303932336163326363363037626139653636326434333239
37336366363731323662366434326634623262333362383336633539383163306138363931373365
61383837666536646265656362366537373835623062316238663863653037306435303261353639
31343034616237633633326530313665316566326334356435636537626631383362393763396234
62363531646466333131363861623766343133353231383939636638313730623266326134336334
61616138333163396132616366373438313938363262666266326431356437613133373232353565
32643436373865376334343839623937373564306466306263613735353465636139313833326133
63653531643461343833373238653534663138363334373666666132323633386537356531393435
34336563316666626532663030353530663632653966393530653862383534356162396231383331
33653266333031616562326363386637356361303763393734303730646564316466336239376430
36326338313962633033313063303135646165353866653961663431333336303935393131663136
62633837306137343233656263353139613739383366303061353936376436343639623661383064
62336163653761336362383866383637383162313361336663323838356263323765366639336632
30306466386261633664366536316436643133353438306330353132613931323966316232313365
62633338323437336239333364643361356636353166366636376633336534366532363432663734
64376533343532363636346162316336636664333130646336616464656139326234313763653834
30623936653262653931323431336630653162623736313034626462346239653135366338633237
63643331393530643038336238636138353836326336636437646338346261366530666463616138
34393163353636656234326166353731376166386231343666383233373339396563656237383437
37633731343661313166653732303733343164333866353430646463393830636233346139376333
62643937343737303366653764626332643138656439343361333036383464383736316335386131
63316566366534313532363630373366623230643035666335396236396435393164366663656464
65313935613762663630663436633962643964663232386635313430386436633634383631643136
62626466393534646534336338633832373263353365393934653836653266306165323239323938
37333438616666323839663863386264356335353739336634353136393064653933623665323162
63626666656335386130616563326631336636396336643262373361346266323930616238666464
32303636616334353239366436343962313033333230323262643265613132653463356539356461
62663763376539616538393439656562393233363836343331366335626135646365363962386664
66663133663433373634356161653637313136633762353763656564633636656162643533303234
38353535393231363834363836306266303561343730336565393261656462363939633539353433
37363661326362346134373766306136353337306265303764323837313861653237366566356139
66323763623138353039393462616162316266336464383262373765316262656631366539323261
62656666616464303830616638653665613336363637386133333365363738646236323832643938
35653965303334396535633162333438306238663166313139386464393864376163626137623165
63356562343738313665346637663465326635363564623837383239313261306636376231333131
37373537363737366133613561656664646431363831323166326232346139623236663364316637
63373264383464393466373636343735313561643762373534346638326366333164343336666437
63396362326337383266363761396665313237633963333338326666653864666537333761346137
65343931616262306335303435346131383138373534613834666631336535343661333065613966
65663239303465356561353936613066623663373933613664366237636537656465643162333631
30303363316464623962616233323330316361363962656663616430666664363438343136613862
63383938313064323935623837346565363936623062336465653866336163363766373131636531
31326536633433346230633834316130633733343437393438313935656131356538383532363437
39383263306135363333323930366464663062396634333463376630303632666336306263633037
37356365393439356533383639663630626433336335396261383038316462303235643938353236
38613463653861633135333931626538336336373530303061343638663465616666346365643666
30316465326332636562613438353663326632313338653437666362663862303661326362393365
37633066363430643633376330346337643061633933373230363962313366313536393834346232
32376564366566356463653761376536303931376666393835343538366431623438353838643935
35326263653461346638386432316539656461626631376164303133343636646539626539393466
33376532353361333961386362336565616230336632326366313539666534346635643963623262
30626335383462363339656537396637643439353637343739326661373636663865313139613762
37373666633139333062623138336262646234393235613933336365346363386562646230356537
30653639613233636431383433333462306363366662656539356434316134303065663130383230
33326566366365613237626662656330343564373631333039343837363330623864393862626534
32366336316434396666303538646561323837316332306664363464326461616331393062626565
34643730383138333261373163313663333935303036383734343935346637393938383732366237
633334643066376666633161633761383430
